75
5 7
9 17
14 16
18 31
31 38
36 38
41 50
51 59
65 75
68 70
72 75
72 84
85 97
86 92
86 100
105 107
109 117
114 116
118 131
131 138
136 138
141 150
151 159
165 175
168 170
172 175
172 184
185 197
186 192
186 200
305 307
309 317
314 316
318 331
331 338
336 338
341 350
351 359
365 375
368 370
372 375
372 384
385 397
386 392
386 400
605 607
609 617
614 616
618 631
631 638
636 638
641 650
651 659
665 675
668 670
672 675
672 684
685 697
686 692
686 700
1005 1007
1009 1017
1014 1016
1018 1031
1031 1038
1036 1038
1041 1050
1051 1059
1065 1075
1068 1070
1072 1075
1072 1084
1085 1097
1086 1092
1086 1100