69 68
0 1 30
1 2 26
2 3 97
3 4 36
4 5 27
5 6 60
6 7 100
7 8 25
8 9 94
9 10 72
10 11 27
11 12 73
12 13 42
13 14 30
14 15 19
15 16 12
16 17 73
17 18 37
18 19 11
19 20 56
20 21 55
21 22 72
22 23 67
23 24 79
24 25 61
25 26 60
26 27 38
27 28 17
28 29 97
29 30 37
30 31 69
31 32 64
32 33 93
33 34 90
34 35 35
35 36 49
36 37 19
37 38 75
38 39 59
39 40 18
40 41 28
41 42 68
42 43 33
43 44 50
44 45 40
45 46 44
46 47 15
47 48 10
48 49 44
49 50 40
50 51 26
51 52 48
52 53 91
53 54 71
54 55 60
55 56 55
56 57 34
57 58 98
58 59 89
59 60 25
60 61 15
61 62 82
62 63 73
63 64 93
64 65 54
65 66 59
66 67 59
67 68 12