512
-445
395
786
469
644
-596
-884
-227
-537
-834
289
-233
-125
530
-645
77
495
-286
-738
166
-321
816
822
-685
-589
198
623
136
-990
-780
695
723
66
233
-812
-108
-89
212
-142
-303
-359
-384
375
-737
-51
406
-174
59
783
466
30
831
861
14
43
616
-930
886
587
-165
98
-660
984
-312
596
-370
-263
339
-721
-713
340
-406
515
57
-437
-722
-187
958
-740
-587
-774
-14
563
412
-369
48
836
-366
-288
-129
-659
752
-805
15
905
964
653
917
217
-27
586
258
686
-429
-873
391
629
257
357
-735
-838
-481
455
-463
110
-235
-856
907
260
189
-107
712
881
38
-498
522
-218
-608
-518
-374
-250
829
306
415
480
-656
-415
-580
276
-901
-435
-335
322
925
-733
514
664
-617
651
-698
-708
-763
856
-971
722
317
-256
687
414
125
467
-600
336
640
247
298
900
-716
-647
684
-502
-958
-468
-728
222
672
-168
-756
745
-287
789
280
-542
440
945
641
-734
-707
219
-972
846
-155
683
782
158
209
-193
-222
613
-81
-815
453
-102
-772
-661
-271
130
511
-245
-799
873
-928
45
-784
-484
399
-98
-65
-963
-895
-865
345
264
-983
824
-117
-398
895
-924
-705
693
655
-417
-206
265
-188
-706
626
-892
960
177
-751
497
-70
194
-547
458
-747
-681
718
40
-675
-16
-982
44
-292
-2
-139
-345
-557
-940
707
-441
-904
654
175
-616
447
-387
910
659
324
273
828
36
367
-413
838
350
-872
-368
226
849
228
428
-602
-87
916
-996
49
471
-95
456
-666
604
790
238
-163
-375
74
-126
218
-309
366
-682
-431
-517
818
-299
332
-926
56
934
-329
784
380
-386
-115
-715
924
-889
801
701
405
878
520
-944
-702
777
-789
867
868
473
903
-294
-470
-376
759
-338
-610
662
446
534
724
834
215
135
803
407
444
972
619
137
632
-528
-875
-10
185
-595
-408
-180
740
-166
-689
560
331
13
-829
-331
-349
-655
105
-676
-674
482
390
737
-827
-995
-427
-13
735
-12
-350
-367
267
201
-778
-583
-880
239
703
536
287
-949
200
-428
-704
335
-53
381
387
91
544
-806
-475
-881
-970
468
-999
-633
-197
-336
-529
698
70
636
220
-146
-461
330
639
532
120
184
-830
805
237
962
-35
799
-322
-334
573
-658
370
-204
423
583
-810
-932
-465
-745
-103
969
358
190
815
419
502
753
650