-3
-98
-954 -98 -3 50 
-954
-954 -98 -3 50 271 
-954 -611 -98 -3 50 271 
-954 -611 -419 -98 -3 50 271 
-954
-968
-968 -954 -887 -611 -419 -98 -3 50 271 657 676 
-968 -954 -887 -611 -419 -98 -3 50 90 271 657 676 
-968
-968
-968 -954 -887 -611 -419 -98 -14 -3 50 90 98 271 657 676 
-968
-968
-968 -954 -887 -611 -419 -285 -98 -14 -3 50 70 90 98 271 657 676 
-968 -954 -887 -611 -419 -285 -98 -14 -3 50 70 90 98 271 657 676 777 810 
-968
-968
-968 -954 -887 -611 -517 -419 -285 -98 -14 -3 50 70 90 98 151 271 657 676 777 810 975 
-968
-968 -954 -887 -723 -611 -517 -419 -285 -98 -14 -3 50 70 90 98 151 258 271 431 657 676 777 810 975 
-968
-968 -954 -887 -723 -611 -517 -419 -285 -98 -14 -3 50 70 90 98 151 258 271 431 657 676 709 777 810 975 
-968 -954 -887 -723 -611 -517 -419 -285 -139 -98 -14 -3 50 70 90 98 151 258 271 431 657 676 709 777 810 975 
-968 -954 -887 -723 -611 -517 -419 -285 -139 -136 -98 -14 -3 50 70 90 98 151 258 271 431 657 676 709 777 810 975 
-968
-968 -954 -887 -723 -611 -517 -419 -285 -139 -136 -98 -14 -3 50 70 90 98 151 195 258 271 431 657 676 709 777 810 975 
-968
-968
-968
-968 -954 -887 -723 -646 -611 -517 -419 -371 -285 -252 -139 -136 -98 -14 -3 50 70 90 98 151 195 258 271 431 657 676 709 777 810 975 
-968 -954 -887 -723 -646 -611 -536 -517 -419 -371 -285 -252 -139 -136 -98 -14 -3 50 70 90 98 151 195 258 271 431 657 676 709 777 810 975 
-968
-968 -954 -887 -723 -646 -611 -536 -517 -419 -371 -285 -252 -139 -136 -98 -14 -3 47 50 70 90 98 151 195 258 271 431 657 676 709 745 777 810 975 
-968
-968 -954 -887 -723 -646 -611 -536 -517 -419 -371 -285 -252 -139 -136 -98 -14 -3 47 50 70 90 98 151 195 258 271 404 431 536 657 676 709 745 777 810 975 
-968
-968
-968 -954 -887 -723 -646 -611 -536 -517 -441 -419 -371 -285 -252 -139 -136 -98 -14 -3 41 47 50 53 70 90 98 151 195 258 271 358 404 431 536 657 676 709 745 777 810 975 
-968
-968 -954 -910 -887 -723 -717 -646 -611 -536 -517 -441 -419 -371 -285 -252 -139 -136 -98 -14 -3 41 47 50 53 70 90 98 151 195 258 271 358 404 431 536 657 676 709 745 777 810 975 
-968 -954 -910 -887 -723 -717 -646 -611 -536 -517 -441 -419 -371 -285 -252 -139 -136 -98 -14 -3 41 47 50 53 70 90 98 151 195 258 271 358 404 431 442 536 657 676 709 745 777 810 975 
-968 -954 -910 -887 -723 -717 -646 -611 -536 -517 -441 -419 -371 -285 -252 -139 -136 -98 -14 -3 41 42 47 50 53 70 90 98 151 195 258 271 358 404 431 442 536 657 676 709 745 777 810 975 
-968
-968
-968 -954 -910 -887 -723 -717 -646 -611 -536 -517 -441 -419 -371 -285 -252 -139 -136 -98 -14 -3 39 41 42 47 50 53 70 90 98 151 195 258 271 358 404 431 442 454 536 657 676 709 745 777 810 975 
-968
-968 -954 -910 -887 -723 -717 -646 -611 -536 -517 -441 -419 -400 -371 -285 -252 -139 -136 -98 -14 -3 39 41 42 47 50 53 70 90 98 151 195 258 271 358 404 431 442 454 506 536 657 676 709 740 745 777 810 975 
-968 -954 -910 -887 -792 -723 -717 -646 -611 -536 -517 -441 -419 -400 -371 -285 -252 -139 -136 -98 -14 -3 39 41 42 47 50 53 70 90 98 151 195 258 271 358 404 431 442 454 506 536 657 676 709 740 745 777 810 975 
-968 -954 -910 -887 -792 -770 -746 -723 -717 -709 -646 -624 -611 -536 -517 -441 -419 -400 -371 -285 -252 -139 -136 -98 -14 -3 25 39 41 42 47 50 53 70 90 98 151 195 258 271 358 404 431 442 454 506 536 657 676 709 740 745 777 810 975 
-968
-968 -954 -910 -887 -792 -770 -746 -723 -717 -709 -646 -624 -611 -536 -517 -441 -419 -400 -371 -285 -252 -139 -136 -98 -14 -3 25 39 41 42 47 50 53 70 90 98 151 195 258 271 358 404 431 442 454 506 536 657 676 684 709 740 745 777 810 849 975 
-968 -954 -910 -887 -792 -770 -746 -723 -717 -709 -646 -624 -611 -536 -517 -478 -441 -419 -400 -371 -285 -252 -139 -136 -98 -14 -3 25 39 41 42 47 50 53 70 90 98 151 195 258 271 358 404 431 442 454 506 536 657 676 684 709 740 745 777 810 849 975 
-968
-968 -954 -910 -887 -792 -770 -746 -723 -717 -709 -646 -624 -611 -548 -536 -517 -478 -441 -419 -400 -371 -285 -252 -139 -136 -135 -98 -14 -3 25 39 41 42 47 50 53 70 90 98 151 195 258 271 358 395 404 431 442 454 496 506 536 657 676 684 709 740 745 777 810 849 975 
-968
-968 -954 -942 -910 -887 -792 -770 -746 -723 -717 -709 -646 -624 -611 -548 -536 -517 -478 -441 -419 -400 -371 -285 -252 -139 -136 -135 -98 -14 -3 25 39 41 42 47 50 53 70 90 98 151 195 258 271 358 395 404 431 442 454 496 506 536 657 676 684 709 740 745 777 810 849 975 
-968 -954 -952 -942 -910 -887 -792 -782 -770 -746 -723 -717 -709 -646 -624 -611 -548 -536 -517 -478 -469 -441 -419 -400 -371 -285 -252 -139 -136 -135 -98 -14 -3 25 39 41 42 47 50 53 70 90 98 117 151 195 258 271 358 395 404 431 442 454 496 506 536 657 676 684 709 740 745 777 810 849 975 
-968 -954 -952 -942 -910 -887 -792 -782 -770 -746 -723 -717 -709 -646 -624 -611 -548 -536 -517 -478 -469 -441 -434 -419 -400 -371 -285 -252 -139 -136 -135 -98 -14 -3 25 39 41 42 47 50 53 70 90 98 117 151 195 258 271 358 395 404 431 442 454 496 506 536 657 676 684 709 740 745 777 810 849 975 
-968