1024
713
-161
915
-218
-533
-179
614
491
910
-643
-64
-48
310
-483
145
-976
464
547
-242
372
-175
681
904
708
950
493
215
1000
-346
354
644
-144
509
783
-790
224
-72
-369
-599
958
-201
173
-752
-217
593
-995
883
246
-491
-625
-113
-788
772
924
334
-861
-394
-988
-78
26
415
285
-763
-425
-327
-929
520
635
-897
-870
699
992
901
-362
-435
4
566
-642
-647
-453
108
-494
307
-462
239
31
-905
-382
-357
909
2
572
-569
695
386
-551
390
-181
758
898
158
-713
291
214
-775
-946
-279
245
-630
-476
411
-758
-107
-137
-681
-23
44
773
-783
306
-935
-214
368
320
-309
765
-458
-264
-300
148
-415
-448
579
-52
-45
679
55
-34
-249
-163
68
769
-178
-62
536
-672
-1
632
-837
-188
-339
100
-337
67
-751
563
-603
-412
-119
133
-328
894
-904
325
-373
832
816
-883
115
-634
810
503
420
228
340
174
-770
-340
-960
-560
729
-829
-419
-676
-414
45
784
-917
949
-815
777
-402
-694
-970
240
659
-190
21
192
-84
661
186
-564
-991
893
-682
33
184
-949
-67
929
176
-59
-768
963
812
-920
-530
237
338
344
-386
343
-94
-538
412
254
235
-133
171
74
-80
-33
153
118
388
11
88
921
-558
-265
276
185
263
103
502
32
272
-2
-350
-134
739
-13
884
-41
369
626
481
220
78
-120
-14
-571
-716
-323
-798
24
102
-510
611
330
941
-999
378
398
226
-306
-154
506
7
408
819
-626
-691
-996
-128
808
201
-737
649
-889
505
817
279
66
-108
-869
-978
70
-819
-633
-966
852
-251
956
460
429
722
-488
61
-168
-95
-127
-397
-131
776
609
-547
518
653
602
-637
292
-343
-856
-809
705
834
-866
-278
594
531
-973
197
-485
140
-850
-695
436
-600
496
-918
187
427
60
-753
-872
-762
-700
-490
-589
688
586
619
885
800
126
-884
778
-174
52
-923
860
-104
828
-375
836
-86
-74
58
488
111
555
685
347
206
508
76
-442
450
-922
418
219
-498
355
-365
750
-972
-732
-437
-795
-77
370
-537
-760
787
603
360
-842
-347
-514
-292
-11
-479
-574
-443
-928
-981
-262
478
-76
517
305
732
440
-808
-964
-552
-535
824
-16
-583
976
-166
396
-441
798
-497
500
835
-115
702
671
316
-466
425
-457
287
243
-21
474
979
546
449
-248
-666
304
-235
-71
144
-130
-330
-319
-717
191
890
-438
-228
482
-898
431
147
-404
84
322
403
843
919
863
321
-496
571
-37
-135
-511
701
-348
399
242
395
-313
-405
351
-638
119
151
167
-79
-936
954
163
-778
-19
-355
120
657
189
693
34
-110
501
815
353
592
678
-155
358
-597
-222
-652
-729
-85
-520
377
-780
0
-238
-833
188
-616
-377
348
-32
823
-27
-68
-207
895
-291
879
-524
-555
-802
-725
-857
-50
-515
-934
-812
8
222
748
-860
608
-568
-699
389
468
-835
-505
782
556
-723
-944
846
-719
-769
-46
180
-744
281
790
-868
293
-727
-150
548
582
-906
-947
-184
-761
-474
764
711
-669
275
234
-721
282
-455
-635
826
59
874
-219
742
-985
268
346
-384
-913
875
-40
643
853
81
-257
-446
216
-577
342
759
448
-644
-627
-687
-933
741
-943
-656
754
558
416
677
-206
-83
-363
-450
-792
-105
712
138
209
-30
-499
710
-129
231
-980
533
49
-304
352
-612
-103
-234
-215
630
382
-703
-100
940
-449
-940
-932
-645
48
141
912
109
974
-848
-398
-855
64
-322
-260
-245
99
-820
914
200
130
-702
-557
-675
-968
689
534
-368
-595
825
809
-662
-293
298
507
114
162
-526
-164
40
-596
432
-353
438
16
179
-454
-364
-198
762
94
573
-584
85
-579
-372
-191
-746
845
557
606
-10
736
964
891
-140
605
724
896
-674
198
-875
-172
-106
406
-15
-542
975
-863
-472
647
-660
982
-22
-385
244
-239
-465
296
-722
104
-984
-256
339
-246
-910
-226
472
651
-451
-874
755
485
-765
349
-493
433
-354
-297
217
-950
-102
364
-203
-786
-88
-962
936
497
719
-470
-152
-971
866
-109
-859
419
251
-374
735
470
113
-298
-521
439
-961
715
232
839
652
633
-197
53
-899
-55
987
-495
455
746
-678
499
-58
27
789
-296
-336
-26
-295
-531
818
-909
654
324
-834
-708
-410
73
512
-460